SLengthWidthHeight
96 48 36
DDensity
0.0000026 0.0000026 0.0000026 0.0000026
0.0000026 0.0000026 0.0000026 0.0000026
0.0000026 0.0000026 0.0000026 0.0000026
TAverageDensity
0.00000151036 0.00000151036 0.00000151036 0.00000151036
0.00000155430 0.00000155430 0.00000155430 0.00000155430
0.00000166422 0.00000166422 0.00000166422 0.00000166422
N
DAverageDensityBlend
0.00001121036 0.00001135430 0.00001153422
0.00001121036 0.00001135430 0.00001153422
0.00001121036 0.00001135430 0.00001153422
0.00001121036 0.00001135430 0.00001153422
TEquipmentCapacity
0.25 0.25 0.25 0.25
0.25 0.25 0.25 0.25
0.25 0.25 0.25 0.25
N
0.096127778 0.096127778 0.096127778 0.096127778
0.08323333 0.08323333 0.08323333 0.08323333
0.04033333 0.04033333 0.04033333 0.04033333
N
0.25 0.25 0.25 0.25
0.25 0.25 0.25 0.25
0.25 0.25 0.25 0.25
N
0.25 0.25 0.25 0.25
0.25 0.25 0.25 0.25
0.25 0.25 0.25 0.25
N
0.25 0.25 0.25 0.25
0.25 0.25 0.25 0.25
0.25 0.25 0.25 0.25
N
0.09606667 0.09606667 0.09606667 0.09606667
0.05151667 0.05151667 0.05151667 0.05151667
0.02915 0.02915 0.02915 0.02915
N
0.25 0.25 0.25 0.25
0.25 0.25 0.25 0.25
0.25 0.25 0.25 0.25
N
0.25 0.25 0.25 0.25
0.25 0.25 0.25 0.25
0.25 0.25 0.25 0.25
N
0.25 0.25 0.25 0.25
0.25 0.25 0.25 0.25
0.25 0.25 0.25 0.25
N
0.25 0.25 0.25 0.25
0.25 0.25 0.25 0.25
0.25 0.25 0.25 0.25
N
0.25 0.25 0.25 0.25
0.25 0.25 0.25 0.25
0.25 0.25 0.25 0.25
N
0.25 0.25 0.25 0.25
0.25 0.25 0.25 0.25
0.25 0.25 0.25 0.25
N
0.0875 0.0875 0.0875 0.0875
0.07 0.07 0.07 0.07
0.06125 0.06125 0.06125 0.06125
N
DEquipmentCapacityBlend
0.25 0.25 0.25
0.25 0.25 0.25
0.25 0.25 0.25
0.25 0.25 0.25
0.25 0.25 0.25
0.25 0.25 0.25
0.25 0.25 0.25
0.25 0.25 0.25
0.25 0.25 0.25
0.25 0.25 0.25
0.25 0.25 0.25
0.25 0.25 0.25
DNumberOfBales
6 12 3 3
10 20 5 5
4 8 2 2
SDryMatterLoss
0.015 0.005
DBypassRatio
0.499777778 0.499777778 0.499777778 0.499777778
0.4498 0.4498 0.4498 0.4498
0.40482 0.40482 0.40482 0.40482
SMassCapacityInventory
5.0
SMassCapacityInventoryBlend
5.0 5.0 5.0 5.0
SVolumnCapacityInventory
1469767.68
SVolumnCapacityInventoryBlend
1469767.68 1469767.68 1469767.68 1469767.68
DProcessingTimeOfBale
5 5 5 5
6 6 6 6
11 11 11 11
SAshContent
0.122 0.076 0.064 0.025
SThermalContent
0.57 0.57 0.57 0.57
SCarbohydrateContent
0.574 0.603 0.666 0.817
STargetAshThermalCarbohydrate
0.074 0.57 0.591
SReactorUpperLowerBigM
0.014167 0.01375 100